K09 50 05 14 45
K51 72 12 59 40
K66 13 22 73 21
K95 82 40 12 94
K33 76 56 03 92
K56 95 58 92 58
K41 52 50 13 37
K24 35 36 44 36
K82 23 13 78 40
K14 75 90 15 71
K83 57 37 15 63
K75 80 22 45 57
K57 16 09 79 66
K78 96 17 36 28
K50 48 30 13 70
K52 22 43 23 33
K78 60 79 14 99
K76 32 83 89 91
K18 68 57 91 59
K63 30 75 67 19
K05 18 28 07 36
K55 13 92 48 49
K54 89 97 07 77
K21 66 45 43 80
K30 91 69 83 93
K86 36 51 22 80
K21 88 03 12 66
K48 32 44 87 11
K95 79 70 75 74
K30 41 79 97 56
K81 92 03 02 59
K18 02 53 05 97
K56 10 67 36 25
K18 98 04 57 05
K63 65 87 77 07
K88 74 64 16 13
K82 46 55 58 55
K66 55 28 53 29
K29 90 46 91 52
K13 71 20 09 97
K93 81 97 90 31
K98 31 61 24 03
K46 62 36 56 61
K35 85 51 19 11
K35 27 58 55 72
K65 21 69 24 31
K24 77 05 79 79
K05 36 84 91 73
K49 37 59 27 10
K88 89 30 93 39
K06 43 51 39 70
K74 76 35 98 35
K58 16 74 05 69
K23 37 58 38 23
K51 22 60 12 78
K72 08 33 29 08
K71 83 38 66 27
K82 30 35 33 51
K43 09 90 48 36
K31 21 14 01 37
K31 48 57 73 45
K15 94 73 07 18
K37 62 53 47 85
K02 98 37 54 32
K49 37 59 27 10
K88 89 30 93 39
K06 43 51 39 70
K74 76 35 98 35
K58 16 74 05 69
K23 37 58 38 23
K51 22 60 12 78
K72 08 33 29 08
K71 83 38 66 27
K82 30 35 33 51
K43 09 90 48 36
K31 21 14 01 37
K31 48 57 73 45
K15 94 73 07 18
K37 62 53 47 85
K02 98 37 54 32
K19 86 30 19 43
K46 90 53 96 77
K11 78 20 84 94
K79 59 46 52 02
K06 80 53 15 10
K53 97 27 05 10
K23 50 51 93 71
K64 35 02 70 53
K77 35 28 14 41
K78 97 54 13 56
K19 74 39 51 49
K87 19 50 05 56
K32 17 89 03 46
K92 34 17 38 98
K73 75 68 12 48
K49 63 39 42 12
K31 48 57 73 45
K15 94 73 07 18
K37 62 53 47 85
K02 98 37 54 32