K57 65 87 16 27
K99 50 36 20 74
K88 03 62 33 01
K46 02 60 38 25
K25 93 04 96 12
K60 76 63 98 73
K19 85 05 25 15
K43 98 79 13 04
K75 44 97 25 56
K74 74 39 42 48
K94 11 26 52 85
K61 35 95 15 51
K16 72 51 94 15
K14 12 70 36 06
K26 41 64 21 13
K38 33 11 17 95
K68 55 61 92 78
K72 41 06 81 93
K25 07 92 32 62
K50 68 70 12 52
K80 22 62 07 38
K84 28 41 67 55
K96 71 53 80 60
K36 96 54 22 71
K85 79 58 76 09
K80 86 90 32 43
K59 96 18 14 60
K33 33 61 95 68
K65 18 45 62 23
K48 47 16 67 27
K96 79 85 36 54
K07 64 96 39 02
K43 18 25 65 02
K31 44 56 96 33
K17 72 45 33 76
K42 11 58 47 41
K36 14 68 41 34
K78 18 46 45 73
K94 17 89 84 48
K99 59 86 15 22
K70 90 64 57 57
K60 58 30 62 18
K88 91 09 52 83
K49 83 82 84 24
K36 57 84 81 66
K27 30 16 18 02
K13 90 5 2 79
K08 61 84 24 41
K43 18 25 65 02
K31 44 56 96 33
K17 72 45 33 76
K42 11 58 47 41
K36 14 68 41 34
K78 18 46 45 73
K94 17 89 84 48
K99 59 86 15 22
K70 90 64 57 57
K60 58 30 62 18
K88 91 09 52 83
K49 83 82 84 24
K36 57 84 81 66
K27 30 16 18 02
K13 90 55 82 79
K08 61 84 24 41
K39 67 85 76 61
K27 10 71 13 86
K84 77 17 68 47
K71 21 24 05 06
K67 93 37 75 04
K48 23 02 17 53
K01 38 51 58 15
K65 97 43 75 73
K01 70 75 38 74
K36 77 81 51 29
K77 66 83 75 87
K88 12 46 31 70
K20 49 28 62 79
K91 16 14 39 25
K46 35 73 50 36
K21 75 53 35 61
K39 67 85 76 61
K27 10 71 13 86
K84 77 17 68 47
K71 21 24 05 06
K67 93 37 75 04
K48 23 02 17 53
K01 38 51 58 15
K65 97 43 75 73
K01 70 75 38 74
K36 77 81 51 29
K77 66 83 75 87
K88 12 46 31 70
K20 49 28 62 79
K91 16 14 39 25
K46 35 73 50 36
K21 75 53 35 61
K71 21 24 05 06
K67 93 37 75 04
K48 23 02 17 53
K01 38 51 58 15